#	Type	Comment	Radius	Thickness	Material	Coating	Semi-Diameter	Chip Zone	Mech Semi-Dia	Conic	TCE	Par 1	Par 2	Par 3	Par 4	Par 5	Par 6
0	STANDARD		Infinity	4.56E+00			1.50E+00	0.00E+00	1.50E+00	0.00E+00	0.00E+00	0.00E+00	0.00E+00	0.00E+00	0.00E+00	0.00E+00	0.00E+00
1	STANDARD		Infinity	4.13E+00	S-LAH97		7.00E+00	0.00E+00	7.83E+00	0.00E+00	0.00E+00	0.00E+00	0.00E+00	0.00E+00	0.00E+00	0.00E+00	0.00E+00
2	STANDARD		-1.13E+01	4.91E+00			7.83E+00	0.00E+00	7.83E+00	0.00E+00	0.00E+00	0.00E+00	0.00E+00	0.00E+00	0.00E+00	0.00E+00	0.00E+00
3	STANDARD		3.67E+01	1.00E+01	H-ZPK5		1.13E+01	0.00E+00	1.21E+01	0.00E+00	0.00E+00	0.00E+00	0.00E+00	0.00E+00	0.00E+00	0.00E+00	0.00E+00
4	STANDARD		-4.61E+01	2.41E+01			1.21E+01	0.00E+00	1.21E+01	0.00E+00	0.00E+00	0.00E+00	0.00E+00	0.00E+00	0.00E+00	0.00E+00	0.00E+00
5	STANDARD		-4.22E+01	1.00E+01	FDS20-W		1.28E+01	0.00E+00	1.41E+01	0.00E+00	0.00E+00	0.00E+00	0.00E+00	0.00E+00	0.00E+00	0.00E+00	0.00E+00
6	STANDARD		-2.41E+01	1.56E+02			1.41E+01	0.00E+00	1.41E+01	0.00E+00	0.00E+00	0.00E+00	0.00E+00	0.00E+00	0.00E+00	0.00E+00	0.00E+00
7	STANDARD		3.16E+02	9.95E+00	TAF1		4.24E+01	0.00E+00	4.24E+01	0.00E+00	0.00E+00	0.00E+00	0.00E+00	0.00E+00	0.00E+00	0.00E+00	0.00E+00
8	STANDARD		-9.40E+01	3.21E+01			4.21E+01	0.00E+00	4.24E+01	0.00E+00	0.00E+00	0.00E+00	0.00E+00	0.00E+00	0.00E+00	0.00E+00	0.00E+00
9	COORDBRK		Infinity	0.00E+00			0.00E+00	0.00E+00	0.00E+00	0.00E+00	0.00E+00	0.00E+00	0.00E+00	4.50E+01	0.00E+00	0.00E+00	0.00E+00
10	STANDARD		Infinity	0.00E+00	MIRROR		4.13E+01	0.00E+00	4.13E+01	0.00E+00	0.00E+00	0.00E+00	0.00E+00	0.00E+00	0.00E+00	0.00E+00	0.00E+00
11	COORDBRK		Infinity	-8.00E+01			0.00E+00	0.00E+00	0.00E+00	0.00E+00	0.00E+00	0.00E+00	0.00E+00	4.50E+01	0.00E+00	0.00E+00	0.00E+00
12	COORDBRK		Infinity	0.00E+00			0.00E+00	0.00E+00	0.00E+00	0.00E+00	0.00E+00	0.00E+00	0.00E+00	-4.50E+01	0.00E+00	0.00E+00	0.00E+00
13	STANDARD		Infinity	0.00E+00	MIRROR		2.74E+01	0.00E+00	2.74E+01	0.00E+00	0.00E+00	0.00E+00	0.00E+00	0.00E+00	0.00E+00	0.00E+00	0.00E+00
14	COORDBRK		Infinity	3.10E+01			0.00E+00	0.00E+00	0.00E+00	0.00E+00	0.00E+00	0.00E+00	0.00E+00	-4.50E+01	0.00E+00	0.00E+00	0.00E+00
15	STANDARD		Infinity	5.69E+00			1.36E+01	0.00E+00	1.36E+01	0.00E+00	0.00E+00	0.00E+00	0.00E+00	0.00E+00	0.00E+00	0.00E+00	0.00E+00
16	STANDARD		Infinity	0.00E+00			5.99E+00	0.00E+00	5.99E+00	0.00E+00	0.00E+00	0.00E+00	0.00E+00	0.00E+00	0.00E+00	0.00E+00	0.00E+00
																	
																	
																	
#	Type	Comment	Radius	Thickness	Material	Coating	Semi-Diameter	Chip Zone	Mech Semi-Dia	Conic	TCE	Par 1	Par 2	Par 3	Par 4	Par 5	Par 6
0	STANDARD		Infinity	4.56E+00			1.50E+00	0.00E+00	1.50E+00	0.00E+00	0.00E+00	0.00E+00	0.00E+00	0.00E+00	0.00E+00	0.00E+00	0.00E+00
1	STANDARD		Infinity	4.13E+00	S-LAH97		6.28E+00	0.00E+00	7.17E+00	0.00E+00	0.00E+00	0.00E+00	0.00E+00	0.00E+00	0.00E+00	0.00E+00	0.00E+00
2	STANDARD		-1.13E+01	4.91E+00			7.17E+00	0.00E+00	7.17E+00	0.00E+00	0.00E+00	0.00E+00	0.00E+00	0.00E+00	0.00E+00	0.00E+00	0.00E+00
3	STANDARD		3.67E+01	1.00E+01	H-ZPK5		8.73E+00	0.00E+00	9.10E+00	0.00E+00	0.00E+00	0.00E+00	0.00E+00	0.00E+00	0.00E+00	0.00E+00	0.00E+00
4	STANDARD		-4.61E+01	2.41E+01			9.10E+00	0.00E+00	9.10E+00	0.00E+00	0.00E+00	0.00E+00	0.00E+00	0.00E+00	0.00E+00	0.00E+00	0.00E+00
5	STANDARD		-4.22E+01	1.00E+01	FDS20-W		1.23E+01	0.00E+00	1.41E+01	0.00E+00	0.00E+00	0.00E+00	0.00E+00	0.00E+00	0.00E+00	0.00E+00	0.00E+00
6	STANDARD		-2.41E+01	1.56E+02			1.41E+01	0.00E+00	1.41E+01	0.00E+00	0.00E+00	0.00E+00	0.00E+00	0.00E+00	0.00E+00	0.00E+00	0.00E+00
7	STANDARD		3.16E+02	9.95E+00	TAF1		2.43E+01	0.00E+00	2.47E+01	0.00E+00	0.00E+00	0.00E+00	0.00E+00	0.00E+00	0.00E+00	0.00E+00	0.00E+00
8	STANDARD		-9.40E+01	3.21E+01			2.47E+01	0.00E+00	2.47E+01	0.00E+00	0.00E+00	0.00E+00	0.00E+00	0.00E+00	0.00E+00	0.00E+00	0.00E+00
9	COORDBRK		Infinity	0.00E+00			0.00E+00	0.00E+00	0.00E+00	0.00E+00	0.00E+00	0.00E+00	0.00E+00	4.50E+01	0.00E+00	0.00E+00	0.00E+00
10	STANDARD		Infinity	0.00E+00	MIRROR		3.33E+01	0.00E+00	3.33E+01	0.00E+00	0.00E+00	0.00E+00	0.00E+00	0.00E+00	0.00E+00	0.00E+00	0.00E+00
11	COORDBRK		Infinity	-8.00E+01			0.00E+00	0.00E+00	0.00E+00	0.00E+00	0.00E+00	0.00E+00	0.00E+00	4.50E+01	0.00E+00	0.00E+00	0.00E+00
12	COORDBRK		Infinity	0.00E+00			0.00E+00	0.00E+00	0.00E+00	0.00E+00	0.00E+00	0.00E+00	0.00E+00	-4.50E+01	0.00E+00	0.00E+00	0.00E+00
13	STANDARD		Infinity	0.00E+00	MIRROR		2.49E+01	0.00E+00	2.49E+01	0.00E+00	0.00E+00	0.00E+00	0.00E+00	0.00E+00	0.00E+00	0.00E+00	0.00E+00
14	COORDBRK		Infinity	3.10E+01			0.00E+00	0.00E+00	0.00E+00	0.00E+00	0.00E+00	0.00E+00	0.00E+00	-4.50E+01	0.00E+00	0.00E+00	0.00E+00
15	STANDARD		Infinity	5.62E+00			1.36E+01	0.00E+00	1.36E+01	0.00E+00	0.00E+00	0.00E+00	0.00E+00	0.00E+00	0.00E+00	0.00E+00	0.00E+00
16	STANDARD		Infinity	0.00E+00			2.35E+00	0.00E+00	2.35E+00	0.00E+00	0.00E+00	0.00E+00	0.00E+00	0.00E+00	0.00E+00	0.00E+00	0.00E+00
																	
																	
																	
#	Type	Comment	Radius	Thickness	Material	Coating	Semi-Diameter	Chip Zone	Mech Semi-Dia	Conic	TCE	Par 1	Par 2	Par 3	Par 4	Par 5	Par 6
0	STANDARD		Infinity	4.56E+00			1.50E+00	0.00E+00	1.50E+00	0.00E+00	0.00E+00	0.00E+00	0.00E+00	0.00E+00	0.00E+00	0.00E+00	0.00E+00
1	STANDARD		Infinity	4.13E+00	S-LAH97		5.96E+00	0.00E+00	6.87E+00	0.00E+00	0.00E+00	0.00E+00	0.00E+00	0.00E+00	0.00E+00	0.00E+00	0.00E+00
2	STANDARD		-1.13E+01	4.91E+00			6.87E+00	0.00E+00	6.87E+00	0.00E+00	0.00E+00	0.00E+00	0.00E+00	0.00E+00	0.00E+00	0.00E+00	0.00E+00
3	STANDARD		3.67E+01	1.00E+01	H-ZPK5		8.34E+00	0.00E+00	8.74E+00	0.00E+00	0.00E+00	0.00E+00	0.00E+00	0.00E+00	0.00E+00	0.00E+00	0.00E+00
4	STANDARD		-4.61E+01	2.41E+01			8.74E+00	0.00E+00	8.74E+00	0.00E+00	0.00E+00	0.00E+00	0.00E+00	0.00E+00	0.00E+00	0.00E+00	0.00E+00
5	STANDARD		-4.22E+01	1.00E+01	FDS20-W		1.25E+01	0.00E+00	1.43E+01	0.00E+00	0.00E+00	0.00E+00	0.00E+00	0.00E+00	0.00E+00	0.00E+00	0.00E+00
6	STANDARD		-2.41E+01	1.56E+02			1.43E+01	0.00E+00	1.43E+01	0.00E+00	0.00E+00	0.00E+00	0.00E+00	0.00E+00	0.00E+00	0.00E+00	0.00E+00
7	STANDARD		3.16E+02	9.95E+00	TAF1		2.12E+01	0.00E+00	2.17E+01	0.00E+00	0.00E+00	0.00E+00	0.00E+00	0.00E+00	0.00E+00	0.00E+00	0.00E+00
8	STANDARD		-9.40E+01	3.21E+01			2.17E+01	0.00E+00	2.17E+01	0.00E+00	0.00E+00	0.00E+00	0.00E+00	0.00E+00	0.00E+00	0.00E+00	0.00E+00
9	COORDBRK		Infinity	0.00E+00			0.00E+00	0.00E+00	0.00E+00	0.00E+00	0.00E+00	0.00E+00	0.00E+00	4.50E+01	0.00E+00	0.00E+00	0.00E+00
10	STANDARD		Infinity	0.00E+00	MIRROR		2.92E+01	0.00E+00	2.92E+01	0.00E+00	0.00E+00	0.00E+00	0.00E+00	0.00E+00	0.00E+00	0.00E+00	0.00E+00
11	COORDBRK		Infinity	-8.00E+01			0.00E+00	0.00E+00	0.00E+00	0.00E+00	0.00E+00	0.00E+00	0.00E+00	4.50E+01	0.00E+00	0.00E+00	0.00E+00
12	COORDBRK		Infinity	0.00E+00			0.00E+00	0.00E+00	0.00E+00	0.00E+00	0.00E+00	0.00E+00	0.00E+00	-4.50E+01	0.00E+00	0.00E+00	0.00E+00
13	STANDARD		Infinity	0.00E+00	MIRROR		2.35E+01	0.00E+00	2.35E+01	0.00E+00	0.00E+00	0.00E+00	0.00E+00	0.00E+00	0.00E+00	0.00E+00	0.00E+00
14	COORDBRK		Infinity	3.10E+01			0.00E+00	0.00E+00	0.00E+00	0.00E+00	0.00E+00	0.00E+00	0.00E+00	-4.50E+01	0.00E+00	0.00E+00	0.00E+00
15	STANDARD		Infinity	5.67E+00			1.36E+01	0.00E+00	1.36E+01	0.00E+00	0.00E+00	0.00E+00	0.00E+00	0.00E+00	0.00E+00	0.00E+00	0.00E+00
16	STANDARD		Infinity	0.00E+00			2.20E+00	0.00E+00	2.20E+00	0.00E+00	0.00E+00	0.00E+00	0.00E+00	0.00E+00	0.00E+00	0.00E+00	0.00E+00
