#	Type	Int1	Int2	Int3	Config 1	Config 2	Config 3
1	WAVE	1	0	0	4.60E-01	5.15E-01	6.35E-01
2	WLWT	1	0	0	1.00E+00	1.00E+00	1.00E+00
3	WAVE	2	0	0	4.73E-01	5.35E-01	6.43E-01
4	WLWT	2	0	0	6.00E-01	6.00E-01	6.00E-01
5	WAVE	3	0	0	4.47E-01	4.95E-01	6.27E-01
6	WLWT	3	0	0	6.00E-01	6.00E-01	6.00E-01
7	CRVT	15	0	0	0.00E+00	0.00E+00	0.00E+00
8	CRVT	16	0	0	0.00E+00	0.00E+00	0.00E+00
9	THIC	15	0	0	5.69E+00	5.62E+00	5.67E+00
10	GLSS	15	0	0			
11	SDIA	16	0	0	5.99E+00	2.35E+00	2.20E+00
12	MCSD	16	0	0	5.99E+00	2.35E+00	2.20E+00
